23,63,65,56,61,17,56,48,20,32,17,3,41,66,26,79,55,54,36,41,42,56,15,55,68,34,41
63,54,65,63,19,58,64,15,75,50,75,52,51,36,2,22,53,72,12,67,4
71,69,24,6,58
28,75,30,36,68,47,29,72,51,44,57,26,43,56,48,33,7,10,78,54,6,13,67,27
68,23,42,30,13,12,27,45,57,67,74,51,42,17,56,61,13,19
8,58,15,63,55,74,77,77,53,9,39,78,75,60,44
3,21,11,57,78,52,15,27,20,32,37,72,10,38,6,13,57,33,17,38,28,27
49,9,19,14,51,36,32,31,58,33,5,65,35,73,53,74,13,62,25,34,62,50,63,58
69,37,61,30
38,38,12,76,68,2,36,29,56,71,39,46,70,21,3,68,20,44,10,59,28,47
